qm9_seed0_from000000_to002976 0 0 2976
qm9_seed0_from002976_to005952 0 2976 5952
qm9_seed0_from005952_to008928 0 5952 8928
qm9_seed0_from008928_to011904 0 8928 11904
qm9_seed0_from011904_to014880 0 11904 14880
qm9_seed0_from014880_to017856 0 14880 17856
qm9_seed0_from017856_to020832 0 17856 20832
qm9_seed0_from020832_to023808 0 20832 23808
qm9_seed0_from023808_to026784 0 23808 26784
qm9_seed0_from026784_to029760 0 26784 29760
qm9_seed0_from029760_to032736 0 29760 32736
qm9_seed0_from032736_to035712 0 32736 35712
qm9_seed0_from035712_to038688 0 35712 38688
qm9_seed0_from038688_to041664 0 38688 41664
qm9_seed0_from041664_to044640 0 41664 44640
qm9_seed0_from044640_to047616 0 44640 47616
qm9_seed0_from047616_to050592 0 47616 50592
qm9_seed0_from050592_to053568 0 50592 53568
qm9_seed0_from053568_to056544 0 53568 56544
qm9_seed0_from056544_to059520 0 56544 59520
qm9_seed0_from059520_to062496 0 59520 62496
qm9_seed0_from062496_to065472 0 62496 65472
qm9_seed0_from065472_to068448 0 65472 68448
qm9_seed0_from068448_to071424 0 68448 71424
qm9_seed0_from071424_to074400 0 71424 74400
qm9_seed0_from074400_to077376 0 74400 77376
qm9_seed0_from077376_to080352 0 77376 80352
qm9_seed0_from080352_to083328 0 80352 83328
qm9_seed0_from083328_to086304 0 83328 86304
qm9_seed0_from086304_to089280 0 86304 89280
qm9_seed0_from089280_to092256 0 89280 92256
qm9_seed0_from092256_to095232 0 92256 95232
qm9_seed0_from095232_to098208 0 95232 98208
qm9_seed0_from098208_to101184 0 98208 101184
qm9_seed0_from101184_to104160 0 101184 104160
qm9_seed0_from104160_to107136 0 104160 107136
qm9_seed0_from107136_to110112 0 107136 110112
qm9_seed0_from110112_to113088 0 110112 113088
qm9_seed0_from113088_to116064 0 113088 116064
qm9_seed0_from116064_to119040 0 116064 119040
qm9_seed0_from119040_to122016 0 119040 122016
qm9_seed0_from122016_to124992 0 122016 124992
qm9_seed0_from124992_to127968 0 124992 127968
qm9_seed0_from127968_to130944 0 127968 130944
qm9_seed0_from130944_to133920 0 130944 133920
